<?xml version="1.0"?>
<opencv_storage>
<error_L>5.9733463992407289e-02</error_L>
<error_R>6.0908208677742742e-02</error_R>
<error_MSE_L>3.8640304987150407e-03</error_MSE_L>
<error_MSE_R>0.</error_MSE_R>
<MSE_ERROR_ALL_L type_id="opencv-matrix">
  <rows>1</rows>
  <cols>13</cols>
  <dt>d</dt>
  <data>
    3.9997770609153148e-03 3.7702285852040289e-03 3.9991611039779775e-03
    3.4469544254827136e-03 3.9204356803119100e-03 3.6607576727526597e-03
    3.9977502453170406e-03 3.6682415859848228e-03 4.0124649175352469e-03
    3.5844913199042944e-03 3.9271391795965126e-03 3.7786642220719153e-03
    4.4663304842410901e-03</data></MSE_ERROR_ALL_L>
<MSE_ERROR_ALL_R type_id="opencv-matrix">
  <rows>1</rows>
  <cols>13</cols>
  <dt>d</dt>
  <data>
    4.0885166948108976e-03 3.6805528260792711e-03 3.8885564100027497e-03
    3.7560629176344061e-03 4.0791240206165206e-03 3.7033367844692983e-03
    3.8888298896001244e-03 3.8987418631593290e-03 4.0948367270411496e-03
    3.6296335921244568e-03 4.2956914649472759e-03 3.7485617678460815e-03
    4.4740838028179738e-03</data></MSE_ERROR_ALL_R>
<error_LR>6.3934545037715312e-02</error_LR>
<camMatL type_id="opencv-matrix">
  <rows>3</rows>
  <cols>3</cols>
  <dt>d</dt>
  <data>
    4.0418908136682539e+03 0. 6.1552601470438788e+02 0.
    4.0419230002383420e+03 4.8667788621760951e+02 0. 0. 1.</data></camMatL>
<DistL type_id="opencv-matrix">
  <rows>1</rows>
  <cols>5</cols>
  <dt>d</dt>
  <data>
    -7.3733237492511511e-02 2.0159995820563332e+00 0. 0. 0.</data></DistL>
<camMatR type_id="opencv-matrix">
  <rows>3</rows>
  <cols>3</cols>
  <dt>d</dt>
  <data>
    4.0301201972166118e+03 0. 6.2521754288629961e+02 0.
    4.0292079549092896e+03 4.7850278884115426e+02 0. 0. 1.</data></camMatR>
<DistR type_id="opencv-matrix">
  <rows>1</rows>
  <cols>5</cols>
  <dt>d</dt>
  <data>
    -3.3390147954359919e-02 7.0786310237570205e-01 0. 0. 0.</data></DistR>
<R type_id="opencv-matrix">
  <rows>3</rows>
  <cols>3</cols>
  <dt>d</dt>
  <data>
    9.6512615021236003e-01 5.8365331467220942e-03 2.6172017319476204e-01
    -6.9760489842658445e-03 9.9996980135557589e-01
    3.4250718911046176e-03 -2.6169227905469072e-01
    -5.1313991968395681e-03 9.6513772065205516e-01</data></R>
<T type_id="opencv-matrix">
  <rows>3</rows>
  <cols>1</cols>
  <dt>d</dt>
  <data>
    -2.0278287647036834e+02 7.9045130644973582e-01
    3.2431863408624572e+01</data></T>
<E type_id="opencv-matrix">
  <rows>3</rows>
  <cols>3</cols>
  <dt>d</dt>
  <data>
    1.9391263922994950e-02 -3.2434940131512541e+01
    6.5181290845631279e-01 -2.1765873621017562e+01
    -8.5127024365846471e-01 2.0420147609221266e+02
    6.5173805310345523e-01 -2.0278136619763748e+02
    -9.0142298302204926e-01</data></E>
<F type_id="opencv-matrix">
  <rows>3</rows>
  <cols>3</cols>
  <dt>d</dt>
  <data>
    -6.1132655752701077e-10 1.0225317171816112e-06
    -5.8032398889945711e-04 6.8634356348338386e-07
    2.6842901419592957e-08 -2.6461615524183118e-02
    -4.1084041406133501e-04 2.5111639671283204e-02 1.</data></F>
<img_size>
  1280 1024</img_size>
<Q type_id="opencv-matrix">
  <rows>4</rows>
  <cols>4</cols>
  <dt>d</dt>
  <data>
    1. 0. 0. -7.3063497418165207e+02 0. 1. 0. -4.8330772399902344e+02 0.
    0. 0. 1.9892231804763469e+03 0. 0. 4.8694619067651181e-03 0.</data></Q>
<img_num>13</img_num>
<r_vec_1_L type_id="opencv-matrix">
  <rows>3</rows>
  <cols>1</cols>
  <dt>d</dt>
  <data>
    -3.3693523822843352e-01 -1.2957780768239391e-01
    -1.4826043523357927e-03</data></r_vec_1_L>
<t_vec_1_L type_id="opencv-matrix">
  <rows>3</rows>
  <cols>1</cols>
  <dt>d</dt>
  <data>
    -9.6809550181033856e+01 -6.5734684874580992e+01
    7.8155021484095539e+02</data></t_vec_1_L>
<r_vec_1_R type_id="opencv-matrix">
  <rows>3</rows>
  <cols>1</cols>
  <dt>d</dt>
  <data>
    -3.3866193387456761e-01 1.3329471406159837e-01
    3.6863572360755936e-02</data></r_vec_1_R>
<t_vec_1_R type_id="opencv-matrix">
  <rows>3</rows>
  <cols>1</cols>
  <dt>d</dt>
  <data>
    -9.2066144972341135e+01 -6.1603395663678157e+01
    8.1241067172892315e+02</data></t_vec_1_R>
<r_vec_2_L type_id="opencv-matrix">
  <rows>3</rows>
  <cols>1</cols>
  <dt>d</dt>
  <data>
    4.0749881243092828e-01 -1.2033395240711713e-01
    4.4180704472195700e-02</data></r_vec_2_L>
<t_vec_2_L type_id="opencv-matrix">
  <rows>3</rows>
  <cols>1</cols>
  <dt>d</dt>
  <data>
    -9.0105831742927307e+01 -5.9975144739519614e+01
    7.2392634413656526e+02</data></t_vec_2_L>
<r_vec_2_R type_id="opencv-matrix">
  <rows>3</rows>
  <cols>1</cols>
  <dt>d</dt>
  <data>
    4.0515764599916954e-01 1.3985267874468971e-01
    -1.6134972801610494e-02</data></r_vec_2_R>
<t_vec_2_R type_id="opencv-matrix">
  <rows>3</rows>
  <cols>1</cols>
  <dt>d</dt>
  <data>
    -1.0063314257287419e+02 -5.6081747984540037e+01
    7.5498526825086958e+02</data></t_vec_2_R>
<r_vec_3_L type_id="opencv-matrix">
  <rows>3</rows>
  <cols>1</cols>
  <dt>d</dt>
  <data>
    -1.2709973034197432e-02 2.7324160471240228e-01
    2.4475112456221644e-02</data></r_vec_3_L>
<t_vec_3_L type_id="opencv-matrix">
  <rows>3</rows>
  <cols>1</cols>
  <dt>d</dt>
  <data>
    -9.2614790256104015e+01 -7.2601705971966979e+01
    7.8024945930650097e+02</data></t_vec_3_L>
<r_vec_3_R type_id="opencv-matrix">
  <rows>3</rows>
  <cols>1</cols>
  <dt>d</dt>
  <data>
    -1.2515810550434457e-02 5.3805810776925689e-01
    1.9050972548804539e-02</data></r_vec_3_R>
<t_vec_3_R type_id="opencv-matrix">
  <rows>3</rows>
  <cols>1</cols>
  <dt>d</dt>
  <data>
    -8.8392388174824575e+01 -6.8495721611060588e+01
    8.1006963513684184e+02</data></t_vec_3_R>
<r_vec_4_L type_id="opencv-matrix">
  <rows>3</rows>
  <cols>1</cols>
  <dt>d</dt>
  <data>
    3.0178192991187411e-04 -5.3268979904205738e-01
    9.0220728858856122e-03</data></r_vec_4_L>
<t_vec_4_L type_id="opencv-matrix">
  <rows>3</rows>
  <cols>1</cols>
  <dt>d</dt>
  <data>
    -8.1732646743038202e+01 -7.1449556046881241e+01
    7.0999105960173688e+02</data></t_vec_4_L>
<r_vec_4_R type_id="opencv-matrix">
  <rows>3</rows>
  <cols>1</cols>
  <dt>d</dt>
  <data>
    -5.1266369750734807e-03 -2.6790337496112215e-01
    3.6763939683872441e-03</data></r_vec_4_R>
<t_vec_4_R type_id="opencv-matrix">
  <rows>3</rows>
  <cols>1</cols>
  <dt>d</dt>
  <data>
    -9.6268955528555949e+01 -6.7665394044831217e+01
    7.3947253794620701e+02</data></t_vec_4_R>
<r_vec_5_L type_id="opencv-matrix">
  <rows>3</rows>
  <cols>1</cols>
  <dt>d</dt>
  <data>
    -3.2384525917773327e-01 -1.2868259328646722e-01
    -8.8748093010719586e-04</data></r_vec_5_L>
<t_vec_5_L type_id="opencv-matrix">
  <rows>3</rows>
  <cols>1</cols>
  <dt>d</dt>
  <data>
    -7.3840574099384511e+01 -6.5669484919756357e+01
    7.8467150972853358e+02</data></t_vec_5_L>
<r_vec_5_R type_id="opencv-matrix">
  <rows>3</rows>
  <cols>1</cols>
  <dt>d</dt>
  <data>
    -3.2577544818552218e-01 1.3443500029361363e-01
    3.5752951716775026e-02</data></r_vec_5_R>
<t_vec_5_R type_id="opencv-matrix">
  <rows>3</rows>
  <cols>1</cols>
  <dt>d</dt>
  <data>
    -6.9082962819196354e+01 -6.1681614740232675e+01
    8.0939344029823076e+02</data></t_vec_5_R>
<r_vec_6_L type_id="opencv-matrix">
  <rows>3</rows>
  <cols>1</cols>
  <dt>d</dt>
  <data>
    4.1468198792866556e-01 -1.3007132832085258e-01
    4.7381433805789450e-02</data></r_vec_6_L>
<t_vec_6_L type_id="opencv-matrix">
  <rows>3</rows>
  <cols>1</cols>
  <dt>d</dt>
  <data>
    -6.8652489784741661e+01 -5.8846287213490420e+01
    7.2355335636282905e+02</data></t_vec_6_L>
<r_vec_6_R type_id="opencv-matrix">
  <rows>3</rows>
  <cols>1</cols>
  <dt>d</dt>
  <data>
    4.1280930676386424e-01 1.2998425551975390e-01
    -1.3894745662216856e-02</data></r_vec_6_R>
